159984
159988
160186
160450
161062
161328
163242
167190
167743
167870
168790
168955
170240
171887
172636
173602
173649
174253
174608
174782
177224
177283
178039
178078
181691
183553
183579
185469
185750
189376
190147
190681
198412
200312
203590
206339
210673
211874
214113
215578
220720
223811
224357
228965
230476
239352
246282
252130
255443
261288
264821
264972
265627
267254
286123
291073
302691
305808
327644
336916
346786
354045
363050
394087
401770
418172
423177
438619
452114
453077
476068
480240
484324
484338
503835
545357
570215
592009
614221
616766
621003
624417
627006
627690
627989
637419
643018
643721
644850
645899
646512
646548
648435
649736
650598
651054
651855
652526
652673
654044
654138
655300
655810
656502
656804
659688
659722
660393
660800
661536
663781
664022
664197
664300
664478
665368
666148
667387
669373
671991
672100
672341
673983
681028
682064
682546
