159984
159988
160186
160450
161062
161328
163242
167190
167743
167870
168790
168955
170240
171887
172636
173602
173649
174253
174608
174782
177224
177283
178039
178078
181691
183553
183579
185469
185750
189376
190147
190681
198412
200312
203590
206339
210673
211874
214113
215578
220720
223811
224357
228965
230476
239352
246282
252130
255443
261288
264821
264972
265627
267254
286123
291073
302691
305808
327644
336916
346786
354045
363050
394087
401770
418172
423177
438619
452114
453077
476068
480240
484324
484338
503835
545357
570215
592009
614221
616766
621003
624417
627006
627690
627989
637419
643018
643721
644850
645899
646512
646548
648435
649736
650598
651054
651855
652526
652673
654044
654138
655300
655810
656502
656804
659688
659722
660393
660800
661536
663781
664022
664197
664300
664478
665368
666148
667387
669373
671991
672100
672341
673983
681028
682064
682546
686815
199056
307577
656609
168180
212061
357921
611727
351074
658425
659077
162744
162799
165507
177856
189423
190832
213728
216370
225684
251920
337249
564630
618430
650099
677872
242023
350618
591139
660271
662758
670117
348417
220040
220304
363026
178614
194736
209779
205486
213959
233290
237314
663358
672463
239773
639852
230691
163555
260460
660284
178378
242651
192240
666648
167146
173684
196004
276333
297172
317330
387776
478284
499590
619911
627691
650152
666633
667898
501174
347433
161213
176464
164265
181011
207991
328889
499634
516562
350382
654449
177787
645966
669778
345429
164505
200890
681058
183137
167183
239011
405299
647091
179997
246045
167175
684227
169880
199125
168710
161848
370129
